predecessor,successor,predecessor_last_month,gap_months_to_2034,shared_partner_count,shared_partner_sample,predecessor_pattern,successor_pattern
Orange River Mouth   &,Fresh Limited Liability Company,2031-11,26,142,1 Ltd. Corporation Transport;3 Logistics Tom yum;3 Oceanography ОАО Marine life;3 Trawler Corp Distribution,periodic,stable
Portuguese Cuttle GmbH Freight ,Fresh Limited Liability Company,2031-01,36,142,-4;-54;-6;3 Oceanography ОАО Marine life,stable,stable
Portuguese Cuttle GmbH Freight ,Zambezi Gorge  N.V. Transport,2031-01,36,135,-4;-54;3 Oceanography ОАО Marine life;3 Seabreeze Corporation Marine ecology,stable,stable
Orange River Mouth   &,Zambezi Gorge  N.V. Transport,2031-11,26,124,1 Ltd. Corporation Transport;3 Oceanography ОАО Marine life;3 Trawler Corp Distribution;Adriatic Tuna Company Distribution,periodic,stable
Seashell s  SRL Consulting,Mar y Luna Sagl,2029-12,49,117,-11292;-14475;-1457;-1791,stable,stable
Seashell s  SRL Consulting,Saltwater Symphony S.A. de C.V.,2029-12,49,115,-11292;-14475;-1457;-1791,stable,stable
Konkan Coast  SE Marine biology,hǎi dǎn Corporation Wharf,2030-09,40,113,Ancla del Mar Inc;Angrapa GmbH & Co. KG Overseas;Aqua Azul Trawler GmbH Logistics;AquaBite Beach ОАО Shipping,stable,stable
Gulf of Guinea   Corporation,Fresh Limited Liability Company,2032-10,15,107,-13796;-13802;-13812;-6,general,stable
Konkan Coast  SE Marine biology,Caracola del Sol Services,2030-09,40,104,Ancla del Mar Inc;Angrapa GmbH & Co. KG Overseas;Aqua Azul Trawler GmbH Logistics;AquaBite Beach ОАО Shipping,stable,stable
Portuguese Cuttle GmbH Freight ,Barents Sea Cod CJSC Export,2031-01,36,103,3 Oceanography ОАО Marine life;3 Seabreeze Corporation Marine ecology;3 Trawler Corp Distribution;Ancla de Oro Kga Import,stable,stable
Portuguese Cuttle GmbH Freight ,Caracola del Este Corporation Express,2031-01,36,101,-54;3 Oceanography ОАО Marine life;3 Trawler Corp Distribution;Adriatic Tuna Pic Express,stable,stable
Konkan Coast  SE Marine biology,Panope Limited Liability Company,2030-09,40,99,Ancla del Mar Inc;Angrapa GmbH & Co. KG Overseas;Aqua Azul Trawler GmbH Logistics;AquaBite Beach ОАО Shipping,stable,stable
Portuguese Cuttle GmbH Freight ,BlueWaterBites GmbH & Co. KG Export,2031-01,36,96,-4;-54;3 Oceanography ОАО Marine life;3 Trawler Corp Distribution,stable,stable
Orange River Mouth   &,Barents Sea Cod CJSC Export,2031-11,26,94,1 Ltd. Corporation Transport;3 Oceanography ОАО Marine life;3 Trawler Corp Distribution;Agua S.A. de C.V. Overseas,periodic,stable
Portuguese Cuttle GmbH Freight ,Water Wonders Tidepool Ltd Holdings,2031-01,36,94,-54;3 Oceanography ОАО Marine life;3 Seabreeze Corporation Marine ecology;3 Trawler Corp Distribution,stable,stable
Seashell s  SRL Consulting,Fresh Limited Liability Company,2029-12,49,91,-1791;-54;3 Oceanography ОАО Marine life;Adriatic Tuna Seabass BV Transit,stable,stable
Gulf of Guinea   Corporation,Zambezi Gorge  N.V. Transport,2032-10,15,88,-13796;9 Seaport SE Carriers;Adriatic  Nautical CJSC Holdings;Adriatic Tuna Seabass BV Transit,general,stable
Portuguese Cuttle GmbH Freight ,Coastal Cruisers GmbH Logistics,2031-01,36,88,-4;-54;3 Oceanography ОАО Marine life;3 Seabreeze Corporation Marine ecology,stable,stable
Seashell s  SRL Consulting,Zambezi Gorge  N.V. Transport,2029-12,49,88,-1791;-54;3 Oceanography ОАО Marine life;Adriatic Tuna Seabass BV Transit,stable,stable
Orange River Mouth   &,hǎi dǎn Corporation Wharf,2031-11,26,87,3 Logistics Tom yum;Andhra Pradesh  AG Transport;Aqua Aura Ltd Merchants;Aqua Aura SE Marine life,periodic,stable
Portuguese Cuttle GmbH Freight ,Estrella del Mar Seafarer,2031-01,36,87,-4;-54;3 Oceanography ОАО Marine life;3 Trawler Corp Distribution,stable,stable
Portuguese Cuttle GmbH Freight ,Ola de la Costa N.V.,2031-01,36,85,-4;-54;3 Oceanography ОАО Marine life;3 Trawler Corp Distribution,stable,stable
Orange River Mouth   &,BlueWaterBites GmbH & Co. KG Export,2031-11,26,82,1 Ltd. Corporation Transport;3 Oceanography ОАО Marine life;3 Trawler Corp Distribution;Adriatic Tuna Company Distribution,periodic,stable
Konkan Coast  SE Marine biology,Costa de la Felicidad Shipping,2030-09,40,82,Ancla del Mar Inc;Aqua Azul Trawler GmbH Logistics;AquaBite Beach ОАО Shipping;AquaBite Pelican Incorporated Transport,stable,stable
Orange River Mouth   &,Ola de la Costa N.V.,2031-11,26,80,3 Oceanography ОАО Marine life;3 Trawler Corp Distribution;Ancla de Oro Kga Import;Aqua Aura SE Marine life,periodic,stable
Portuguese Cuttle GmbH Freight ,Uttar Pradesh s AG,2031-01,36,80,3 Oceanography ОАО Marine life;3 Trawler Corp Distribution;Adriatic Mackerel Ges.m.b.H. Family;Angrapa Ltd. Liability Co Export,stable,stable
Konkan Coast  SE Marine biology,Saltwater Supreme ОАО Forwading,2030-09,40,80,Ancla del Mar Inc;Angrapa GmbH & Co. KG Overseas;Aqua Azul Trawler GmbH Logistics;AquaBite Beach ОАО Shipping,stable,stable
Orange River Mouth   &,Coastal Cruisers GmbH Logistics,2031-11,26,79,3 Oceanography ОАО Marine life;3 Trawler Corp Distribution;Agua S.A. de C.V. Overseas;Ancla de Oro Kga Import,periodic,stable
Orange River Mouth   &,Jharkhand  Ltd. Liability Co Worldwide,2031-11,26,79,1 Ltd. Corporation Transport;3 Oceanography ОАО Marine life;3 Trawler Corp Distribution;Agua S.A. de C.V. Overseas,periodic,stable
Portuguese Cuttle GmbH Freight ,Maharashtra ers Incorporated Express,2031-01,36,79,-54;3 Oceanography ОАО Marine life;3 Seabreeze Corporation Marine ecology;3 Trawler Corp Distribution,stable,stable
Orange River Mouth   &,Estrella del Mar Seafarer,2031-11,26,78,1 Ltd. Corporation Transport;3 Oceanography ОАО Marine life;3 Trawler Corp Distribution;Adriatic Tuna Company Distribution,periodic,stable
Orange River Mouth   &,Uttar Pradesh s AG,2031-11,26,78,1 Ltd. Corporation Transport;3 Oceanography ОАО Marine life;3 Trawler Corp Distribution;Agua S.A. de C.V. Overseas,periodic,stable
Portuguese Cuttle GmbH Freight ,hǎi dǎn Corporation Wharf,2031-01,36,78,Andhra Pradesh   Limited Liability Company;Aquatic Adventures Ltd. Liability Co;Arena Azul AB Ferry;Arena del Sol Incorporated,stable,stable
Portuguese Cuttle GmbH Freight ,River Gambia  Brine Pic Express,2031-01,36,78,-54;3 Oceanography ОАО Marine life;3 Seabreeze Corporation Marine ecology;Adriatic Tuna Pic Express,stable,stable
Portuguese Cuttle GmbH Freight ,Jharkhand  Ltd. Liability Co Worldwide,2031-01,36,78,3 Oceanography ОАО Marine life;3 Seabreeze Corporation Marine ecology;3 Trawler Corp Distribution;Angrapa Ltd. Liability Co Export,stable,stable
Orange River Mouth   &,River Gambia  Brine Pic Express,2031-11,26,76,1 Ltd. Corporation Transport;3 Oceanography ОАО Marine life;Arunachal Pradesh s Brine;Arunachal Pradesh s SRL,periodic,stable
Portuguese Cuttle GmbH Freight ,Aqua Aura SE Marine life,2031-01,36,76,-54;3 Oceanography ОАО Marine life;3 Trawler Corp Distribution;Adriatic Mackerel Ges.m.b.H. Family,stable,stable
Konkan Coast  SE Marine biology,Coral Cove BV Delivery,2030-09,40,76,Ancla del Mar Inc;AquaBite Beach ОАО Shipping;AquaBite Pelican Incorporated Transport;Arunachal Pradesh s Company,stable,stable
Orange River Mouth   &,Maharashtra ers Incorporated Express,2031-11,26,75,3 Oceanography ОАО Marine life;3 Trawler Corp Distribution;Adriatic Tuna Company Distribution;Agua S.A. de C.V. Overseas,periodic,stable
Konkan Coast  SE Marine biology,Sailors and Surfers Incorporated Enterprises,2030-09,40,72,Ancla del Mar Inc;Angrapa GmbH & Co. KG Overseas;AquaBite Pelican Incorporated Transport;Arunachal Pradesh s Company,stable,stable
Seashell s  SRL Consulting,Barents Sea Cod CJSC Export,2029-12,49,72,-1457;-1791;3 Oceanography ОАО Marine life;Adriatic Tuna Seabass BV Transit,stable,stable
Océano de Coral N.V.,Fresh Limited Liability Company,2032-10,15,70,-116;-2053;-267;-4335,stable,stable
Portuguese Cuttle GmbH Freight ,Selous Game Reserve  A/S,2031-01,36,70,-4;-54;3 Oceanography ОАО Marine life;3 Trawler Corp Distribution,stable,stable
Portuguese Cuttle GmbH Freight ,Madagascar   Ltd. Corporation Express,2031-01,36,70,-4;-54;3 Oceanography ОАО Marine life;3 Trawler Corp Distribution,stable,stable
Gulf of Guinea   Corporation,Barents Sea Cod CJSC Export,2032-10,15,69,Adriatic Tuna Seabass BV Transit;Arunachal  Dashi Inc Worldwide;Arunachal Pradesh s Brine;Assam  Market Tilapia Ltd Worldwide,general,stable
Orange River Mouth   &,Madagascar   Ltd. Corporation Express,2031-11,26,69,1 Ltd. Corporation Transport;3 Oceanography ОАО Marine life;3 Trawler Corp Distribution;Ancla de Oro Kga Import,periodic,stable
Portuguese Cuttle GmbH Freight ,Jammu Ltd. Liability Co,2031-01,36,68,3 Oceanography ОАО Marine life;3 Trawler Corp Distribution;Ancla de Oro Kga Import;Angrapa Ltd. Liability Co Export,stable,stable
Orange River Mouth   &,Aqua Aura SE Marine life,2031-11,26,67,3 Oceanography ОАО Marine life;3 Trawler Corp Distribution;Agua S.A. de C.V. Overseas;Arunachal Pradesh s Brine,periodic,stable
Konkan Coast  SE Marine biology,Pao gan SE Seal,2030-09,40,67,Ancla del Mar Inc;AquaBite Pelican Incorporated Transport;Arunachal Pradesh s Company;Arunachal Pradesh s S.p.A.,stable,stable
Gulf of Guinea   Corporation,Coastal Cruisers GmbH Logistics,2032-10,15,66,Adriatic Tuna Seabass BV Transit;Aqua Advancements AG Express;Arunachal  Dashi Inc Worldwide;Arunachal Pradesh s Brine,general,stable
Portuguese Cuttle GmbH Freight ,French Crab S.p.A. Worldwide,2031-01,36,66,-47;Andhra Pradesh   Limited Liability Company;Angrapa Ltd. Liability Co Export;Arena del Sol Incorporated,stable,stable
Portuguese Cuttle GmbH Freight ,Mar y Luna Sagl,2031-01,36,66,-54;3 Oceanography ОАО Marine life;3 Trawler Corp Distribution;Ancla de Oro Kga Import,stable,stable
Konkan Coast  SE Marine biology,Sea Breezes GmbH & Co. KG Shark,2030-09,40,66,Ancla del Mar Inc;Aqua Azul Trawler GmbH Logistics;AquaBite Pelican Incorporated Transport;Arunachal Pradesh s Company,stable,stable
Seashell s  SRL Consulting,Maharashtra ers Incorporated Express,2029-12,49,65,-3146;-54;3 Oceanography ОАО Marine life;Adriatic Tuna Seabass BV Transit,stable,stable
Orange River Mouth   &,Caracola del Sol Services,2031-11,26,64,3 Logistics Tom yum;Adriatic Tuna Kga Solutions;Ancla del Mar Ltd. Corporation;Aqua Aura SE Marine life,periodic,stable
Seashell s  SRL Consulting,Coastal Cruisers GmbH Logistics,2029-12,49,64,-1791;-54;3 Oceanography ОАО Marine life;Adriatic Tuna Seabass BV Transit,stable,stable
Orange River Mouth   &,Caracola del Este Corporation Express,2031-11,26,63,3 Oceanography ОАО Marine life;3 Trawler Corp Distribution;Agua S.A. de C.V. Overseas;Arunachal Pradesh s Brine,periodic,stable
Orange River Mouth   &,Jammu Ltd. Liability Co,2031-11,26,63,3 Oceanography ОАО Marine life;3 Trawler Corp Distribution;Ancla de Oro Kga Import;Aqua Aura SE Marine life,periodic,stable
Portuguese Cuttle GmbH Freight ,Line S.A. de C.V.,2031-01,36,63,-47;3 Oceanography ОАО Marine life;Adriatic Tuna Pic Express;Angrapa Ltd. Liability Co Export,stable,stable
Océano de Coral N.V.,Zambezi Gorge  N.V. Transport,2032-10,15,62,-1717;-2053;-267;-672,stable,stable
Arena del Sol Marine life,Fresh Limited Liability Company,2032-06,19,62,Ancla de Oro Kga Import;Angrapa GmbH & Co. KG Overseas;AquaFresh Foods Ltd. Corporation Worldwide;Atlantic Ocean Coast  Sp Marine,stable,stable
Orange River Mouth   &,bái suō wěn lú Ltd Cargo,2031-11,26,62,3 Oceanography ОАО Marine life;3 Trawler Corp Distribution;Agua S.A. de C.V. Overseas;AquaDelight Inc and Son's,periodic,stable
Orange River Mouth   &,Mar y Luna Sagl,2031-11,26,62,3 Oceanography ОАО Marine life;3 Trawler Corp Distribution;Ancla de Oro Kga Import;Arunachal Pradesh s Brine,periodic,stable
Portuguese Cuttle GmbH Freight ,Chhattisgarh  GmbH & Co. KG Brothers,2031-01,36,62,-47;-54;-6;3 Oceanography ОАО Marine life,stable,stable
Seashell s  SRL Consulting,Uttar Pradesh s AG,2029-12,49,62,3 Oceanography ОАО Marine life;Adriatic Tuna Seabass BV Transit;Arunachal Pradesh s Brine;Benguela Current   GmbH Carriers,stable,stable
Gulf of Guinea   Corporation,Jharkhand  Ltd. Liability Co Worldwide,2032-10,15,61,Adriatic Tuna Seabass BV Transit;Arunachal  Dashi Inc Worldwide;Arunachal Pradesh s Brine;Atlántico Sur Cargo ship,general,stable
Ancla del Este SE,Zambezi Gorge  N.V. Transport,2032-06,19,61,3 Oceanography ОАО Marine life;3 Seabreeze Corporation Marine ecology;Ancla Marina AB Holdings;Andhra Pradesh  Ltd. Liability Co,stable,stable
Ancla del Este SE,Fresh Limited Liability Company,2032-06,19,61,3 Oceanography ОАО Marine life;3 Seabreeze Corporation Marine ecology;Ancla Marina AB Holdings;Andhra Pradesh  Ltd. Liability Co,stable,stable
Orange River Mouth   &,Estrella de Mar Consultants -,2031-11,26,61,3 Logistics Tom yum;3 Oceanography ОАО Marine life;Adriatic Tuna Company Distribution;Agua S.A. de C.V. Overseas,periodic,stable
Konkan Coast  SE Marine biology,Caracola Azul Oyj &,2030-09,40,61,Angrapa GmbH & Co. KG Overseas;AquaBite Pelican Incorporated Transport;Arena del Sol Tide SE and Son's;Arunachal Pradesh s Company,stable,stable
Orange River Mouth   &,Selous Game Reserve  A/S,2031-11,26,60,3 Oceanography ОАО Marine life;3 Trawler Corp Distribution;Ancla de Oro Kga Import;Aqua Aura SE Marine life,periodic,stable
Portuguese Cuttle GmbH Freight ,Saltwater Symphony S.A. de C.V.,2031-01,36,60,-54;3 Oceanography ОАО Marine life;3 Trawler Corp Distribution;Arunachal Pradesh s Brine,stable,stable
Portuguese Cuttle GmbH Freight ,Oceanic Oracle GmbH America,2031-01,36,60,-4;3 Trawler Corp Distribution;Adriatic Tuna Pic Express;Angrapa Ltd. Liability Co Export,stable,stable
Portuguese Cuttle GmbH Freight ,biān yú AG Forwading,2031-01,36,60,3 Oceanography ОАО Marine life;Adriatic Tuna Company Distribution;Ancla de Oro Kga Import;Andhra Pradesh   Limited Liability Company,stable,stable
Gulf of Guinea   Corporation,Jammu Ltd. Liability Co,2032-10,15,59,Adriatic Tuna Seabass BV Transit;Arunachal  Dashi Inc Worldwide;Arunachal Pradesh s Brine;Atlántico Sur Cargo ship,general,stable
Portuguese Cuttle GmbH Freight ,Uttar Pradesh s CJSC,2031-01,36,59,-54;3 Trawler Corp Distribution;Ancla de Oro Kga Import;Angrapa Ltd. Liability Co Export,stable,stable
Portuguese Cuttle GmbH Freight ,Náutica del Norte Kga Holdings,2031-01,36,59,-54;Adriatic Tuna Pic Express;Angrapa Ltd. Liability Co Export;Arunachal Pradesh s Brine,stable,stable
Konkan Coast  SE Marine biology,Rift Valley fishery Inc,2030-09,40,59,Ancla del Mar Inc;Angrapa GmbH & Co. KG Overseas;AquaBite Pelican Incorporated Transport;Arunachal Pradesh s Company,stable,stable
Seashell s  SRL Consulting,BlueWaterBites GmbH & Co. KG Export,2029-12,49,59,-1791;-54;3 Oceanography ОАО Marine life;Adriatic Tuna Seabass BV Transit,stable,stable
Seashell s  SRL Consulting,Estrella del Mar Seafarer,2029-12,49,59,-54;3 Oceanography ОАО Marine life;Adriatic Tuna Seabass BV Transit;Arunachal Pradesh s Brine,stable,stable
Seashell s  SRL Consulting,Jharkhand  Ltd. Liability Co Worldwide,2029-12,49,59,-1791;3 Oceanography ОАО Marine life;Adriatic Tuna Seabass BV Transit;AquaFare S.A. de C.V. Marine,stable,stable
Gulf of Guinea   Corporation,BlueWaterBites GmbH & Co. KG Export,2032-10,15,58,Adriatic Tuna Seabass BV Transit;Arunachal  Dashi Inc Worldwide;Arunachal Pradesh s Brine;Atlántico Sur Cargo ship,general,stable
Gulf of Guinea   Corporation,Ola de la Costa N.V.,2032-10,15,58,9 Seaport SE Carriers;Adriatic Tuna Seabass BV Transit;Aqua Advancements AG Express;Arunachal  Dashi Inc Worldwide,general,stable
Náutica del Este ОАО,Fresh Limited Liability Company,2031-12,25,58,-2053;Adriatic Tuna Seabass BV Transit;Agua Oceanfront Limited Liability Company Transportation;Angrapa Ltd. Liability Co Export,stable,stable
Portuguese Cuttle GmbH Freight ,Caracola del Sol Services,2031-01,36,58,-47;Andhra Pradesh   Limited Liability Company;Aquatic Adventures Ltd. Liability Co;Arena del Sol Incorporated,stable,stable
Seashell s  SRL Consulting,Ola de la Costa N.V.,2029-12,49,58,-54;3 Oceanography ОАО Marine life;Adriatic Tuna Seabass BV Transit;Arunachal Pradesh s Brine,stable,stable
Gulf of Guinea   Corporation,hǎi dǎn Corporation Wharf,2032-10,15,57,9 Seaport SE Carriers;Adriatic Tuna Seabass BV Transit;Aqua Advancements AG Express;Arawak Ltd. Liability Co Transport,general,stable
Gulf of Guinea   Corporation,Maharashtra ers Incorporated Express,2032-10,15,57,Adriatic Tuna Seabass BV Transit;Arunachal  Dashi Inc Worldwide;Arunachal Pradesh s Brine;Atlántico Sur Cargo ship,general,stable
Gulf of Guinea   Corporation,Uttar Pradesh s AG,2032-10,15,57,Adriatic Tuna Seabass BV Transit;Arunachal  Dashi Inc Worldwide;Arunachal Pradesh s Brine;Assam  Market Tilapia Ltd Worldwide,general,stable
Orange River Mouth   &,Pao gan SE Seal,2031-11,26,57,3 Logistics Tom yum;3 Oceanography ОАО Marine life;Aqua Aura SE Marine life;Arunachal Pradesh s SRL,periodic,stable
Orange River Mouth   &,Uttar Pradesh s CJSC,2031-11,26,57,3 Trawler Corp Distribution;Ancla de Oro Kga Import;Aqua Aura Ltd Merchants;Arunachal Pradesh s Brine,periodic,stable
Portuguese Cuttle GmbH Freight ,Estrella de Mar Consultants -,2031-01,36,57,3 Oceanography ОАО Marine life;Adriatic Tuna Company Distribution;Angrapa Ltd. Liability Co Export;Arena Azul AB Ferry,stable,stable
Konkan Coast  SE Marine biology,Océano de Coral Corporation Express,2030-09,40,57,Ancla del Mar Inc;AquaBite Pelican Incorporated Transport;Arunachal Pradesh s Company;Barents Sea  Co Import,stable,stable
Konkan Coast  SE Marine biology,Kong zhong diao yu  Ges.m.b.H.,2030-09,40,57,Ancla del Mar Inc;AquaBite Pelican Incorporated Transport;Arunachal Pradesh s Company;Barents Sea Cod CJSC Export,stable,stable
Gulf of Guinea   Corporation,River Gambia  Brine Pic Express,2032-10,15,56,Adriatic Tuna Seabass BV Transit;Aqua Advancements AG Express;Arunachal  Dashi Inc Worldwide;Arunachal Pradesh s Brine,general,stable
Náutica del Este ОАО,Zambezi Gorge  N.V. Transport,2031-12,25,56,-2053;Adriatic Tuna Seabass BV Transit;Agua Oceanfront Limited Liability Company Transportation;Angrapa Ltd. Liability Co Export,stable,stable
Orange River Mouth   &,French Crab S.p.A. Worldwide,2031-11,26,56,Arunachal Pradesh s Brine;Bay of Bengal's Surfboard;Black Sea Tuna Sagl;Black Sea Tuna Snapper,periodic,stable
Portuguese Cuttle GmbH Freight ,Costa del Sol Co,2031-01,36,56,-4;-47;-54;-6,stable,stable
Portuguese Cuttle GmbH Freight ,Zambezi Valley  Marine biology,2031-01,36,56,-54;3 Oceanography ОАО Marine life;3 Seabreeze Corporation Marine ecology;Adriatic Tuna Pic Express,stable,stable
Portuguese Cuttle GmbH Freight ,Oceanic Oracle GmbH & Co. KG,2031-01,36,55,Adriatic Tuna Company Distribution;Arunachal Pradesh s Brine;Assam  Market Cargo ship Company Marine conservation;Baltic Catch Ltd Coral Reef,stable,stable
Portuguese Cuttle GmbH Freight ,Mar de Estrellas Incorporated,2031-01,36,55,-54;3 Oceanography ОАО Marine life;3 Seabreeze Corporation Marine ecology;3 Trawler Corp Distribution,stable,stable
Konkan Coast  SE Marine biology,Selous Game Reserve  S.A. de C.V.,2030-09,40,55,Ancla del Mar Inc;AquaBite Pelican Incorporated Transport;Arunachal Pradesh s Company;Baltic Catch Jetsam Pic Brothers,stable,stable
Seashell s  SRL Consulting,River Gambia  Brine Pic Express,2029-12,49,55,-54;3 Oceanography ОАО Marine life;Adriatic Tuna Seabass BV Transit;AquaFare S.A. de C.V. Marine,stable,stable
Orange River Mouth   &,xiǎo lóng xiā LC,2031-11,26,54,3 Oceanography ОАО Marine life;Ancla de Oro Kga Import;Aqua Aura SE Marine life;Arunachal Pradesh s SRL,periodic,stable
Orange River Mouth   &,Mar de Estrellas Incorporated,2031-11,26,54,3 Oceanography ОАО Marine life;3 Trawler Corp Distribution;Agua S.A. de C.V. Overseas;Aqua Aura SE Marine life,periodic,stable
Portuguese Cuttle GmbH Freight ,The Salty Dog Limited Liability Company,2031-01,36,54,-4;-54;3 Oceanography ОАО Marine life;Adriatic Mackerel Ges.m.b.H. Family,stable,stable
Konkan Coast  SE Marine biology,Fresh Limited Liability Company,2030-09,40,54,Angrapa GmbH & Co. KG Overseas;AquaBite Beach ОАО Shipping;Arena del Sol Tide SE and Son's;Arunachal Pradesh s Company,stable,stable
Orange River Mouth   &,Costa de la Felicidad Shipping,2031-11,26,53,3 Logistics Tom yum;3 Trawler Corp Distribution;Aqua Aura SE Marine life;Arunachal Pradesh s LC Worldwide,periodic,stable
Orange River Mouth   &,Saltwater Symphony S.A. de C.V.,2031-11,26,53,3 Oceanography ОАО Marine life;3 Trawler Corp Distribution;Arunachal Pradesh s Brine;Arunachal Pradesh s SRL,periodic,stable
Portuguese Cuttle GmbH Freight ,Coastal Cruisers Pic Shipping,2031-01,36,53,-54;3 Oceanography ОАО Marine life;Arunachal Pradesh s Brine;Assam  Market Cargo ship Company Marine conservation,stable,stable
Portuguese Cuttle GmbH Freight ,Greek Sea Bass Co,2031-01,36,53,-47;-54;3 Oceanography ОАО Marine life;Baltic Catch Ltd Coral Reef,stable,stable
Saltwater Sanctuary Company Cargo,Fresh Limited Liability Company,2032-03,22,52,-41;-54;-6;3 Oceanography ОАО Marine life,stable,stable
Portuguese Cuttle GmbH Freight ,suō yú Incorporated Brothers,2031-01,36,52,-47;-54;Adriatic Tuna Pic Express;Angrapa Ltd. Liability Co Export,stable,stable
Portuguese Cuttle GmbH Freight ,bái suō wěn lú Ltd Cargo,2031-01,36,52,-4;3 Oceanography ОАО Marine life;3 Trawler Corp Distribution;Arunachal Pradesh s Brine,stable,stable
Seashell s  SRL Consulting,Jammu Ltd. Liability Co,2029-12,49,52,-1457;3 Oceanography ОАО Marine life;Adriatic Tuna Seabass BV Transit;AquaFare S.A. de C.V. Marine,stable,stable
Gulf of Guinea   Corporation,Madagascar   Ltd. Corporation Express,2032-10,15,51,Adriatic Tuna Seabass BV Transit;Arunachal  Dashi Inc Worldwide;Arunachal Pradesh s Brine;Atlántico Sur Cargo ship,general,stable
Orange River Mouth   &,Mar del Oeste Transport,2031-11,26,51,3 Trawler Corp Distribution;Agua S.A. de C.V. Overseas;Arunachal Pradesh s SRL;Barco de Plata Corp,periodic,stable
Orange River Mouth   &,Tide Turners Ltd Transport,2031-11,26,51,3 Oceanography ОАО Marine life;Arunachal Pradesh s SRL;Barco de Plata Corp;Black Sea Tuna Sagl,periodic,stable
Portuguese Cuttle GmbH Freight ,Costa de la Felicidad Shipping,2031-01,36,51,3 Trawler Corp Distribution;Andhra Pradesh   Limited Liability Company;Aquatic Adventures Ltd. Liability Co;Arena del Sol Incorporated,stable,stable
Portuguese Cuttle GmbH Freight ,Tide Turners Ltd Transport,2031-01,36,51,3 Oceanography ОАО Marine life;3 Seabreeze Corporation Marine ecology;Assam  Market Cargo ship Company Marine conservation;Baltic Catch Ltd Coral Reef,stable,stable
Portuguese Cuttle GmbH Freight ,jīng Coral LLC Carriers,2031-01,36,51,-47;-6;3 Seabreeze Corporation Marine ecology;3 Trawler Corp Distribution,stable,stable
Saltwater Sanctuary Company Cargo,Zambezi Gorge  N.V. Transport,2032-03,22,50,-54;3 Oceanography ОАО Marine life;Ancla Marina AB Holdings;Andhra Pradesh  Ltd. Liability Co,stable,stable
Ola del Mar NV,Line S.A. de C.V.,2031-11,26,50,-16199;-3629;-3732;-4042,stable,stable
Orange River Mouth   &,Water Wonders Tidepool Ltd Holdings,2031-11,26,50,3 Oceanography ОАО Marine life;3 Trawler Corp Distribution;Agua S.A. de C.V. Overseas;Arunachal Pradesh s Brine,periodic,stable
Orange River Mouth   &,Coastal Cruisers Pic Shipping,2031-11,26,50,3 Oceanography ОАО Marine life;Arunachal Pradesh s Brine;Arunachal Pradesh s SRL;Barco de Plata Corp,periodic,stable
Orange River Mouth   &,Saltwater Solitude Marine biology,2031-11,26,50,3 Oceanography ОАО Marine life;3 Trawler Corp Distribution;Agua S.A. de C.V. Overseas;Aqua Aura SE Marine life,periodic,stable
Orange River Mouth   &,Sea Breezes N.V. Canal,2031-11,26,50,Adriatic Tuna Company Distribution;Ancla de Oro Kga Import;Arunachal Pradesh s Brine;Arunachal Pradesh s SRL,periodic,stable
Portuguese Cuttle GmbH Freight ,Lake Tana  N.V. Enterprises,2031-01,36,50,-54;Angrapa Ltd. Liability Co Export;Arunachal Pradesh s Brine;AtlanticAppetite Oyster  Ltd. Corporation Investment,stable,stable
Portuguese Cuttle GmbH Freight ,Sea Breezes N.V. Canal,2031-01,36,50,Adriatic Tuna Company Distribution;Adriatic Tuna Pic Express;Ancla de Oro Kga Import;Angrapa Ltd. Liability Co Export,stable,stable
Konkan Coast  SE Marine biology,Olas del Mar Worldwide,2030-09,40,50,Angrapa GmbH & Co. KG Overseas;AquaBite Pelican Incorporated Transport;Arunachal Pradesh s Company;Baltic Catch Jetsam Pic Brothers,stable,stable
Seashell s  SRL Consulting,Madagascar   Ltd. Corporation Express,2029-12,49,50,-54;3 Oceanography ОАО Marine life;Adriatic Tuna Seabass BV Transit;Arunachal Pradesh s Brine,stable,stable
Gulf of Guinea   Corporation,Aqua Aura SE Marine life,2032-10,15,49,Adriatic Tuna Seabass BV Transit;Aqua Advancements AG Express;Arunachal Pradesh s Brine;Assam  Market Tilapia Ltd Worldwide,general,stable
Gulf of Guinea   Corporation,Estrella del Mar Seafarer,2032-10,15,49,Adriatic Tuna Seabass BV Transit;Arunachal  Dashi Inc Worldwide;Arunachal Pradesh s Brine;Black Sea Tuna Snapper,general,stable
Gulf of Guinea   Corporation,Mar y Luna Sagl,2032-10,15,49,Adriatic Tuna Seabass BV Transit;Arunachal  Dashi Inc Worldwide;Arunachal Pradesh s Brine;Assam  Market Tilapia Ltd Worldwide,general,stable
Océano de Coral N.V.,BlueWaterBites GmbH & Co. KG Export,2032-10,15,49,-672;3 Trawler Corp Distribution;Agua S.A. de C.V. Overseas;Angrapa Ltd. Liability Co Export,stable,stable
Océano de Coral N.V.,Barents Sea Cod CJSC Export,2032-10,15,49,-672;3 Trawler Corp Distribution;Agua S.A. de C.V. Overseas;Angrapa Ltd. Liability Co Export,stable,stable
Ancla del Este SE,Caracola del Este Corporation Express,2032-06,19,49,3 Oceanography ОАО Marine life;Ancla Marina AB Holdings;Andhra Pradesh  Ltd. Liability Co;Aqua Anchor Plc Logistics,stable,stable
Orange River Mouth   &,Oceanic Oracle GmbH & Co. KG,2031-11,26,49,Adriatic Tuna Company Distribution;Arunachal Pradesh s Brine;Bay of Bengal's Surfboard;Black Sea Tuna Sagl,periodic,stable
Portuguese Cuttle GmbH Freight ,The Salty Dog Logistics Leska,2031-01,36,49,-4;-47;-54;Adriatic Tuna Pic Express,stable,general
Portuguese Cuttle GmbH Freight ,Himachal Pradesh   Limited Liability Company,2031-01,36,49,-54;-6;3 Oceanography ОАО Marine life;Angrapa Ltd. Liability Co Export,stable,stable
Konkan Coast  SE Marine biology,Mar del Este CJSC,2030-09,40,49,Ancla del Mar Inc;AquaBite Pelican Incorporated Transport;Arunachal Pradesh s Company;Baltic Catch Jetsam Pic Brothers,stable,stable
Seashell s  SRL Consulting,Uttar Pradesh s CJSC,2029-12,49,49,-11843;-1457;-54;Arunachal Pradesh s Brine,stable,stable
Océano de Coral N.V.,Maharashtra ers Incorporated Express,2032-10,15,48,-3146;-4335;-672;3 Trawler Corp Distribution,stable,stable
Náutica del Este ОАО,Barents Sea Cod CJSC Export,2031-12,25,48,-6354;Adriatic Tuna Seabass BV Transit;Agua Oceanfront Limited Liability Company Transportation;Angrapa Ltd. Liability Co Export,stable,stable
Ola del Mar NV,Fresh Limited Liability Company,2031-11,26,48,Adriatic Catch Ges.m.b.H. Marine biology;Ancla del Este Ges.m.b.H.;Ancla del Este Merchants;Arunachal Pradesh s Oceanography,stable,stable
Orange River Mouth   &,Line S.A. de C.V.,2031-11,26,48,3 Oceanography ОАО Marine life;Aqua Aura SE Marine life;Arunachal Pradesh s Brine;Arunachal Pradesh s SRL,periodic,stable
Orange River Mouth   &,Bu yu wang Corporation Marine conservation,2031-11,26,48,Arunachal Pradesh s SRL;Barco de Plata Corp;Black Sea Tuna Sagl;Black Sea Tuna Snapper,periodic,stable
Orange River Mouth   &,Arunachal Pradesh s A/S Transport,2031-11,26,48,1 Ltd. Corporation Transport;3 Trawler Corp Distribution;Aqua Aura SE Marine life;AquaDelight Inc and Son's,periodic,stable
The Sea Lion Captain,Fresh Limited Liability Company,2031-09,28,48,3 Trawler Corp Distribution;Ancla de Oro N.V.;Arunachal Pradesh s Brine;Arunachal Pradesh s SRL,stable,stable
Portuguese Cuttle GmbH Freight ,Ola Azul Ges.m.b.H. Services,2031-01,36,48,-54;3 Oceanography ОАО Marine life;3 Trawler Corp Distribution;Ancla de Oro Kga Import,stable,stable
Konkan Coast  SE Marine biology,Saltwater Supreme Pelican Ltd Enterprises,2030-09,40,48,AquaBite Pelican Incorporated Transport;Arunachal Pradesh s Company;Barents Sea Cod CJSC Export;Blue Horizon Co Distribution,stable,stable
Gulf of Guinea   Corporation,Selous Game Reserve  A/S,2032-10,15,47,Arunachal  Dashi Inc Worldwide;Arunachal Pradesh s Brine;Barco de Plata Corp;Bay of Bengal's Surfboard,general,stable
Eukrante & SE Cargo,Line S.A. de C.V.,2032-09,16,47,-11209;-13733;-17861;-3833,stable,stable
Orange River Mouth   &,Náutica del Norte Kga Holdings,2031-11,26,47,Arunachal Pradesh s Brine;Barco de Plata Corp;Black Sea Anchovy AG Export;Black Sea Tuna Sagl,periodic,stable
Seashell s  SRL Consulting,Estrella de Mar Consultants -,2029-12,49,47,3 Oceanography ОАО Marine life;Arunachal Pradesh s Brine;Baltic Catch Ltd Coral Reef;Black Sea Tuna Sagl,stable,stable
Seashell s  SRL Consulting,hǎi dǎn Corporation Wharf,2029-12,49,47,Adriatic Tuna Seabass BV Transit;Arunachal Pradesh s Brine;Arunachal Pradesh s Ltd. Corporation Coast;Bahía del Sol Kga Consulting,stable,stable
Seashell s  SRL Consulting,Náutica del Norte Kga Holdings,2029-12,49,47,-1457;-1791;-54;Arunachal Pradesh s Brine,stable,stable
Eukrante & SE Cargo,Fresh Limited Liability Company,2032-09,16,46,Arunachal  Dashi Inc Worldwide;Bahía Azul Limited Liability Company;Baltic Catch Ltd Coral Reef;Belgian Shrimps - Company Brothers,stable,stable
Orange River Mouth   &,Zambezi Valley  Marine biology,2031-11,26,46,3 Oceanography ОАО Marine life;Arunachal Pradesh s Brine;Bay of Bengal's Surfboard;Black Sea Anchovy AG Export,periodic,stable
Orange River Mouth   &,Himachal Pradesh   Limited Liability Company,2031-11,26,46,3 Oceanography ОАО Marine life;Arunachal Pradesh s Brine;Barco de Plata Corp;Black Sea Tuna Sagl,periodic,stable
Seashell s  SRL Consulting,Aqua Aura SE Marine life,2029-12,49,46,-54;3 Oceanography ОАО Marine life;Adriatic Tuna Seabass BV Transit;Arunachal Pradesh s Brine,stable,stable
Gulf of Guinea   Corporation,Mar de Estrellas Incorporated,2032-10,15,45,Arunachal  Dashi Inc Worldwide;Arunachal Pradesh s Brine;Atlántico Sur Cargo ship;Barco de Plata Corp,general,stable
Arena del Sol Marine life,Zambezi Gorge  N.V. Transport,2032-06,19,45,Ancla de Oro Kga Import;AtlanticAppetite Oyster  Ltd. Corporation Investment;Barents Sea Shrimp AB Seafaring;Bay of Bengal's Ltd. Corporation Merchants,stable,stable
Arena del Sol Marine life,hǎi dǎn Corporation Wharf,2032-06,19,45,Angrapa GmbH & Co. KG Overseas;Atlantic Ocean Coast  Sp Marine;AtlanticAppetite Oyster  Ltd. Corporation Investment;Bahía Azul Plc Delivery,stable,stable
Orange River Mouth   &,Lake Tana  N.V. Enterprises,2031-11,26,45,Arunachal Pradesh s Brine;Black Sea Tuna Snapper;Bujagali Falls  Pic Family;Cape Verde Islands  Catchers GmbH & Co. KG Shipping,periodic,stable
Orange River Mouth   &,Barents Sea  GmbH Cargo ,2031-11,26,45,Arunachal Pradesh s Brine;Barco de Plata Corp;Bay of Bengal's Surfboard;Black Sea Tuna Sagl,periodic,stable
Orange River Mouth   &,Olas del Sur Sp,2031-11,26,45,3 Trawler Corp Distribution;Arunachal Pradesh s Brine;Arunachal Pradesh s SRL;Black Sea Tuna Sagl,periodic,stable
Portuguese Cuttle GmbH Freight ,Icelandic Cod Pier ОАО Transport,2031-01,36,45,-54;-6;Adriatic Tuna Pic Express;Angrapa Ltd. Liability Co Export,stable,stable
Portuguese Cuttle GmbH Freight ,Mar del Oeste Transport,2031-01,36,45,3 Trawler Corp Distribution;AtlanticAppetite Oyster  Ltd. Corporation Investment;Belgian Scallop S.A. de C.V.;Black Sea Tuna Sagl,stable,stable
Seashell s  SRL Consulting,bái suō wěn lú Ltd Cargo,2029-12,49,45,3 Oceanography ОАО Marine life;Arunachal Pradesh s Brine;Arunachal Pradesh s Ltd. Corporation Coast;Black Sea Tuna Sagl,stable,stable
Gulf of Guinea   Corporation,French Crab S.p.A. Worldwide,2032-10,15,44,Arunachal Pradesh s Brine;Bay of Bengal's Surfboard;Black Sea Tuna Snapper;Briny Import Marine sanctuary,general,stable
Gulf of Guinea   Corporation,Costa de la Felicidad Shipping,2032-10,15,44,Adriatic Tuna Seabass BV Transit;Aqua Advancements AG Express;Arunachal  Dashi Inc Worldwide;Bahía del Este Ges.m.b.H.,general,stable
Gulf of Guinea   Corporation,Saltwater Symphony S.A. de C.V.,2032-10,15,44,Adriatic Tuna Seabass BV Transit;Arunachal Pradesh s Brine;Assam  Market Tilapia Ltd Worldwide;Atlántico Sur Cargo ship,general,stable
Gulf of Guinea   Corporation,Caracola del Sol Services,2032-10,15,44,9 Seaport SE Carriers;Adriatic Tuna Seabass BV Transit;Aqua Advancements AG Express;Arunachal Pradesh s Brine,general,stable
Gulf of Guinea   Corporation,Sea Breezes N.V. Canal,2032-10,15,44,Adriatic Tuna Seabass BV Transit;Arunachal Pradesh s Brine;Atlántico Sur Cargo ship;Barco de Plata Corp,general,stable
Océano de Coral N.V.,Jharkhand  Ltd. Liability Co Worldwide,2032-10,15,44,3 Trawler Corp Distribution;Agua S.A. de C.V. Overseas;Angrapa Ltd. Liability Co Export;AquaFare S.A. de C.V. Marine,stable,stable
Orange River Mouth   &,Okavango River  NV Marine life,2031-11,26,44,3 Trawler Corp Distribution;Arunachal Pradesh s Brine;Black Sea Tuna Sagl;Black Sea Tuna Snapper,periodic,general
The Sea Lion Captain,Zambezi Gorge  N.V. Transport,2031-09,28,44,3 Trawler Corp Distribution;Ancla de Oro N.V.;Arunachal Pradesh s Brine;Arunachal Pradesh s SRL,stable,stable
Konkan Coast  SE Marine biology,Black Sea Tuna Snapper,2030-09,40,44,Ancla del Mar Inc;AquaBite Pelican Incorporated Transport;Arunachal Pradesh s Company;Barents Sea  Co Import,stable,stable
Seashell s  SRL Consulting,Selous Game Reserve  A/S,2029-12,49,44,-54;3 Oceanography ОАО Marine life;Arunachal Pradesh s Brine;Baltic Catch Ltd Coral Reef,stable,stable
Gulf of Guinea   Corporation,Caracola del Este Corporation Express,2032-10,15,43,Adriatic Tuna Seabass BV Transit;Arunachal  Dashi Inc Worldwide;Arunachal Pradesh s Brine;Assam  Market Tilapia Ltd Worldwide,general,stable
Océano de Coral N.V.,Uttar Pradesh s AG,2032-10,15,43,3 Trawler Corp Distribution;Agua S.A. de C.V. Overseas;Angrapa Ltd. Liability Co Export;Bahía Dorada S.A. de C.V.,stable,stable
Ancla del Este SE,Barents Sea Cod CJSC Export,2032-06,19,43,3 Oceanography ОАО Marine life;3 Seabreeze Corporation Marine ecology;Andhra Pradesh  Ltd. Liability Co;Aqua Anchor Plc Logistics,stable,stable
Saltwater Sanctuary Company Cargo,Barents Sea Cod CJSC Export,2032-03,22,43,-41;3 Oceanography ОАО Marine life;Andhra Pradesh  Ltd. Liability Co;Arena del Mar Marine Marine biology,stable,stable
Ola del Mar NV,Zambezi Gorge  N.V. Transport,2031-11,26,43,Adriatic Catch Ges.m.b.H. Marine biology;Ancla del Este Ges.m.b.H.;Ancla del Este Merchants;Bahía de Coral Corporation and Son's,stable,stable
Orange River Mouth   &,Selous Game Reserve  S.A. de C.V.,2031-11,26,43,Ancla del Mar Corp;Aqua Aura SE Marine life;Arunachal Pradesh s SRL;Barco de Plata Corp,periodic,stable
Portuguese Cuttle GmbH Freight ,Mar del Este CJSC,2031-01,36,43,3 Trawler Corp Distribution;Andhra Pradesh   Limited Liability Company;Arena del Sol Incorporated;Bay of Bengal's Krill SE Express,stable,stable
Portuguese Cuttle GmbH Freight ,Sailors and Surfers Incorporated Enterprises,2031-01,36,43,Adriatic Mackerel Ges.m.b.H. Family;Andhra Pradesh   Limited Liability Company;Aquatic Adventures Ltd. Liability Co;Arena del Sol Incorporated,stable,stable
Portuguese Cuttle GmbH Freight ,Pao gan SE Seal,2031-01,36,43,3 Oceanography ОАО Marine life;Aquatic Adventures Ltd. Liability Co;Arena del Sol Incorporated;Assam  Market Cargo ship Company Marine conservation,stable,stable
Portuguese Cuttle GmbH Freight ,Olas del Sur Sp,2031-01,36,43,3 Trawler Corp Distribution;Angrapa Ltd. Liability Co Export;Arena Azul AB Ferry;Arunachal Pradesh s Brine,stable,stable
Portuguese Cuttle GmbH Freight ,French Crab Pic Marine conservation,2031-01,36,43,-54;3 Oceanography ОАО Marine life;3 Trawler Corp Distribution;Arunachal Pradesh s Brine,stable,stable
Portuguese Cuttle GmbH Freight ,Chuan gou  Ltd Marine ecology,2031-01,36,43,-6;3 Oceanography ОАО Marine life;Arunachal Pradesh s Brine;AtlanticAppetite Oyster  Ltd. Corporation Investment,stable,stable
Seashell s  SRL Consulting,French Crab S.p.A. Worldwide,2029-12,49,43,Arunachal Pradesh s Brine;Baltic Catch Ltd Coral Reef;Benguela Current   GmbH Carriers;Black Sea Tuna Sagl,stable,stable
Seashell s  SRL Consulting,xiǎo lóng xiā LC,2029-12,49,43,3 Oceanography ОАО Marine life;Adriatic Tuna Seabass BV Transit;Arunachal Pradesh s Ltd. Corporation Coast;Black Sea Tuna Sagl,stable,stable
Seashell s  SRL Consulting,Coastal Cruisers Pic Shipping,2029-12,49,43,-1457;-1791;-54;3 Oceanography ОАО Marine life,stable,stable
Seashell s  SRL Consulting,Caracola del Este Corporation Express,2029-12,49,43,-54;3 Oceanography ОАО Marine life;Adriatic Tuna Seabass BV Transit;Arunachal Pradesh s Brine,stable,stable
Seashell s  SRL Consulting,Mar de Estrellas Incorporated,2029-12,49,43,-54;3 Oceanography ОАО Marine life;Arunachal Pradesh s Brine;Benguela Current   GmbH Carriers,stable,stable
Gulf of Guinea   Corporation,Estrella de Mar Consultants -,2032-10,15,42,Arunachal Pradesh s Brine;Barco de Plata Corp;Bay of Bengal's Surfboard;Black Sea Tuna Snapper,general,stable
Gulf of Guinea   Corporation,Mar del Oeste Transport,2032-10,15,42,Arunachal  Dashi Inc Worldwide;Atlántico Sur Cargo ship;Barco de Plata Corp;Black Sea Tuna Snapper,general,stable
Gulf of Guinea   Corporation,bái suō wěn lú Ltd Cargo,2032-10,15,42,Arunachal  Dashi Inc Worldwide;Arunachal Pradesh s Brine;Atlántico Sur Cargo ship;Barco de Plata Corp,general,stable
Eukrante & SE Cargo,Zambezi Gorge  N.V. Transport,2032-09,16,42,Arunachal  Dashi Inc Worldwide;Bahía Azul Limited Liability Company;Baltic Catch Ltd Coral Reef;Belgian Shrimps - Company Brothers,stable,stable
Ancla del Este SE,Line S.A. de C.V.,2032-06,19,42,3 Oceanography ОАО Marine life;Aqua Anchor Plc Logistics;Arunachal Pradesh s Brine;Assam  Market Cargo ship Company Marine conservation,stable,stable
Ancla del Este SE,Estrella del Mar Seafarer,2032-06,19,42,3 Oceanography ОАО Marine life;Ancla Marina AB Holdings;Andhra Pradesh  Ltd. Liability Co;Aqua Anchor Plc Logistics,stable,stable
Bujagali Falls  Seagrass S.p.A. Freight ,Fresh Limited Liability Company,2032-01,24,42,-3541;Adriatic Mackerel Ges.m.b.H. Family;Blue Horizon GmbH & Co. KG Investment;Caracola de Coral Shipyard Sp Investment,stable,stable
Náutica del Este ОАО,BlueWaterBites GmbH & Co. KG Export,2031-12,25,42,Adriatic Tuna Seabass BV Transit;Agua Oceanfront Limited Liability Company Transportation;Angrapa Ltd. Liability Co Export;AquaFare GmbH & Co. KG,stable,stable
Orange River Mouth   &,French Crab Pic Marine conservation,2031-11,26,42,3 Oceanography ОАО Marine life;3 Trawler Corp Distribution;Aqua Aura SE Marine life;Arunachal Pradesh s Brine,periodic,stable
Portuguese Cuttle GmbH Freight ,Okavango River  NV Marine life,2031-01,36,42,3 Seabreeze Corporation Marine ecology;3 Trawler Corp Distribution;Arunachal Pradesh s Brine;Assam  Market Cargo ship Company Marine conservation,stable,general
Konkan Coast  SE Marine biology,SilverStream CJSC Marine conservation,2030-09,40,42,Angrapa GmbH & Co. KG Overseas;AquaBite Pelican Incorporated Transport;Arena del Sol Tide SE and Son's;Arunachal Pradesh s Company,stable,stable
Konkan Coast  SE Marine biology,Tamil  Nautilus CJSC Consulting,2030-09,40,42,AquaBite Pelican Incorporated Transport;Arunachal Pradesh s Company;Arunachal Pradesh s S.p.A.;Barents Sea  Co Import,stable,stable
Konkan Coast  SE Marine biology,Playa de la Luna Incorporated,2030-09,40,42,AquaBite Pelican Incorporated Transport;Arena del Sol Tide SE and Son's;Arunachal Pradesh s Company;Baltic Catch Jetsam Pic Brothers,stable,stable
Seashell s  SRL Consulting,Zambezi Valley  Marine biology,2029-12,49,42,-54;3 Oceanography ОАО Marine life;Adriatic Tuna Seabass BV Transit;Arunachal Pradesh s Brine,stable,stable
Seashell s  SRL Consulting,Oceanic Oracle GmbH & Co. KG,2029-12,49,42,Adriatic Tuna Seabass BV Transit;Arunachal Pradesh s Brine;Baltic Catch Ltd Coral Reef;Black Sea Tuna Sagl,stable,stable
Gulf of Guinea   Corporation,Uttar Pradesh s CJSC,2032-10,15,41,Arunachal  Dashi Inc Worldwide;Arunachal Pradesh s Brine;Barco de Plata Corp;Beachcomber's Bounty Plc Marine life,general,stable
Saltwater Sanctuary Company Cargo,Maharashtra ers Incorporated Express,2032-03,22,41,-41;-54;3 Oceanography ОАО Marine life;Ancla Marina AB Holdings,stable,stable
Saltwater Sanctuary Company Cargo,Caracola del Este Corporation Express,2032-03,22,41,-41;-54;3 Oceanography ОАО Marine life;Ancla Marina AB Holdings,stable,stable
Náutica del Este ОАО,Maharashtra ers Incorporated Express,2031-12,25,41,Adriatic Tuna Seabass BV Transit;Agua Oceanfront Limited Liability Company Transportation;Angrapa Ltd. Liability Co Export;Arena Azul SE Nautical,stable,stable
Portuguese Cuttle GmbH Freight ,Barents Sea  GmbH Cargo ,2031-01,36,41,-54;3 Seabreeze Corporation Marine ecology;Adriatic Tuna Pic Express;Angrapa Ltd. Liability Co Export,stable,stable
Portuguese Cuttle GmbH Freight ,Bay of Bengal's A/S,2031-01,36,41,-54;3 Oceanography ОАО Marine life;Adriatic Tuna Company Distribution;Ancla de Oro Kga Import,stable,stable
Portuguese Cuttle GmbH Freight ,TideTurner Tidepool Co Enterprises,2031-01,36,41,-47;3 Oceanography ОАО Marine life;Angrapa Ltd. Liability Co Export;Arunachal Pradesh s Brine,stable,stable
Konkan Coast  SE Marine biology,Khundu Whale AG Cargo,2030-09,40,41,Ancla del Mar Inc;Aqua Azul Trawler GmbH Logistics;AquaBite Pelican Incorporated Transport;Arunachal Pradesh s Company,stable,stable
Konkan Coast  SE Marine biology,Angrapa Ltd. Liability Co Export,2030-09,40,41,Ancla del Mar Inc;AquaBite Beach ОАО Shipping;AquaBite Pelican Incorporated Transport;Arunachal Pradesh s Company,stable,stable
Seashell s  SRL Consulting,Lake Tana  N.V. Enterprises,2029-12,49,41,-54;Arunachal Pradesh s Brine;Caracola Azul Ltd. Corporation;Caracola Azul Oyj &,stable,stable
Seashell s  SRL Consulting,Sea Breezes N.V. Canal,2029-12,49,41,-1791;Adriatic Tuna Seabass BV Transit;AquaFare S.A. de C.V. Marine;Arunachal Pradesh s Brine,stable,stable
Gulf of Guinea   Corporation,Coastal Cruisers Pic Shipping,2032-10,15,40,Arunachal  Dashi Inc Worldwide;Arunachal Pradesh s Brine;Atlántico Sur Cargo ship;Barco de Plata Corp,general,stable
Gulf of Guinea   Corporation,Náutica del Norte Kga Holdings,2032-10,15,40,Arunachal Pradesh s Brine;Barco de Plata Corp;Black Sea Tuna Snapper;Briny Import Marine sanctuary,general,stable
Gulf of Guinea   Corporation,Tide Turners Ltd Transport,2032-10,15,40,Adriatic Tuna Seabass BV Transit;Atlántico Sur Cargo ship;Barco de Plata Corp;Black Sea Tuna Snapper,general,stable
Océano de Coral N.V.,Ola de la Costa N.V.,2032-10,15,40,-2053;-672;3 Trawler Corp Distribution;Angrapa Ltd. Liability Co Export,stable,stable
Océano de Coral N.V.,River Gambia  Brine Pic Express,2032-10,15,40,Angrapa Ltd. Liability Co Export;AquaFare S.A. de C.V. Marine;BlueWaterBites GmbH & Co. KG Export;Caracola Azul Ltd. Corporation,stable,stable
Ancla del Este SE,Water Wonders Tidepool Ltd Holdings,2032-06,19,40,3 Oceanography ОАО Marine life;3 Seabreeze Corporation Marine ecology;Andhra Pradesh  Ltd. Liability Co;Aqua Anchor Plc Logistics,stable,stable
Saltwater Sanctuary Company Cargo,Uttar Pradesh s AG,2032-03,22,40,3 Oceanography ОАО Marine life;Arunachal Pradesh s Brine;Belgian Shrimps - Company Brothers;Black Sea Tuna Sagl,stable,stable
Orange River Mouth   &,Sailors and Surfers Incorporated Enterprises,2031-11,26,40,Aqua Aura SE Marine life;Arunachal Pradesh s Brine;Barco de Plata Corp;Black Sea Tuna Sagl,periodic,stable
Orange River Mouth   &,suō yú Incorporated Brothers,2031-11,26,40,Aqua Aura SE Marine life;Arunachal Pradesh s Brine;Black Sea Tuna Sagl;Black Sea Tuna Snapper,periodic,stable
The Sea Lion Captain,Barents Sea Cod CJSC Export,2031-09,28,40,3 Trawler Corp Distribution;Ancla de Oro N.V.;Arunachal Pradesh s Brine;Arunachal Pradesh s SRL,stable,stable
Portuguese Cuttle GmbH Freight ,Mar de Cielo S.A. de C.V. Manatee,2031-01,36,40,-54;3 Trawler Corp Distribution;Angrapa Ltd. Liability Co Export;Arunachal Pradesh s Brine,stable,stable
Konkan Coast  SE Marine biology,Lake Turkana  Charter Boat  NV Marine,2030-09,40,40,Angrapa GmbH & Co. KG Overseas;Aqua Azul Trawler GmbH Logistics;AquaBite Pelican Incorporated Transport;Arena del Sol Tide SE and Son's,stable,stable
Konkan Coast  SE Marine biology,Caracola Azul Ltd. Corporation,2030-09,40,40,AquaBite Beach ОАО Shipping;AquaBite Pelican Incorporated Transport;Arunachal Pradesh s Company;Barents Sea Cod CJSC Export,stable,stable
Seashell s  SRL Consulting,Line S.A. de C.V.,2029-12,49,40,3 Oceanography ОАО Marine life;AquaFare S.A. de C.V. Marine;Arunachal Pradesh s Brine;Baltic Catch Ltd Coral Reef,stable,stable
Seashell s  SRL Consulting,Caracola del Sol Services,2029-12,49,40,Adriatic Tuna Seabass BV Transit;Arunachal Pradesh s Brine;Arunachal Pradesh s Ltd. Corporation Coast;Bahía del Sol Kga Consulting,stable,stable
Gulf of Guinea   Corporation,Sailors and Surfers Incorporated Enterprises,2032-10,15,39,9 Seaport SE Carriers;Adriatic Tuna Seabass BV Transit;Aqua Advancements AG Express;Arawak Ltd. Liability Co Transport,general,stable
Gulf of Guinea   Corporation,Line S.A. de C.V.,2032-10,15,39,Arawak Ltd. Liability Co Transport;Arunachal Pradesh s Brine;Barco de Plata Corp;Black Sea Tuna Snapper,general,stable
Océano de Coral N.V.,Aqua Aura SE Marine life,2032-10,15,39,-116;3 Trawler Corp Distribution;Agua S.A. de C.V. Overseas;Angrapa Ltd. Liability Co Export,stable,stable
Océano de Coral N.V.,hǎi dǎn Corporation Wharf,2032-10,15,39,Arena del Sol Corporation;Barents Sea Cod CJSC Export;Barents Sea Shrimp Tugboat AB Enterprises;Bay of Bengal's SE,stable,stable
Océano de Coral N.V.,Uttar Pradesh s CJSC,2032-10,15,39,-1717;3 Trawler Corp Distribution;Angrapa Ltd. Liability Co Export;Barents Sea Cod CJSC Export,stable,stable
Ancla del Este SE,Ola de la Costa N.V.,2032-06,19,39,3 Oceanography ОАО Marine life;Ancla Marina AB Holdings;Arunachal Pradesh s Brine;Assam  Market Cargo ship Company Marine conservation,stable,stable
Náutica del Este ОАО,Coastal Cruisers GmbH Logistics,2031-12,25,39,Adriatic Tuna Seabass BV Transit;Agua Oceanfront Limited Liability Company Transportation;Angrapa Ltd. Liability Co Export;AquaFare GmbH & Co. KG,stable,stable
Orange River Mouth   &,Mar de Cielo S.A. de C.V. Manatee,2031-11,26,39,1 Ltd. Corporation Transport;3 Trawler Corp Distribution;Arunachal Pradesh s Brine;Arunachal Pradesh s SRL,periodic,stable
Orange River Mouth   &,Surf and Sea Seal Ltd Forwading,2031-11,26,39,3 Oceanography ОАО Marine life;Adriatic Tuna Company Distribution;Arunachal Pradesh s Brine;Arunachal Pradesh s SRL,periodic,stable
Portuguese Cuttle GmbH Freight ,xiǎo lóng xiā LC,2031-01,36,39,3 Oceanography ОАО Marine life;Ancla de Oro Kga Import;Angrapa Ltd. Liability Co Export;Belgian Scallop S.A. de C.V.,stable,stable
Portuguese Cuttle GmbH Freight ,Kong zhong diao yu  Ges.m.b.H.,2031-01,36,39,-47;Andhra Pradesh   Limited Liability Company;Arena del Sol Incorporated;Bahía del Este Pic,stable,stable
Portuguese Cuttle GmbH Freight ,Selous Game Reserve  S.A. de C.V.,2031-01,36,39,-6;Andhra Pradesh   Limited Liability Company;Angrapa Ltd. Liability Co Export;Aquatic Adventures Ltd. Liability Co,stable,stable
Konkan Coast  SE Marine biology,Mandalore S.A. de C.V. Logistics,2030-09,40,39,Ancla del Mar Inc;AquaBite Pelican Incorporated Transport;Arunachal Pradesh s Company;Barents Sea  Co Import,stable,stable
Konkan Coast  SE Marine biology,Náutica del Sol Corporation,2030-09,40,39,AquaBite Pelican Incorporated Transport;Arunachal Pradesh s Company;Baltic Catch Jetsam Pic Brothers;Barents Sea Cod CJSC Export,stable,stable
Seashell s  SRL Consulting,suō yú Incorporated Brothers,2029-12,49,39,-1791;-54;Adriatic Tuna Seabass BV Transit;Arunachal Pradesh s Brine,stable,stable
Seashell s  SRL Consulting,Bu yu wang Corporation Marine conservation,2029-12,49,39,Bahía del Sol Kga Consulting;Black Sea Tuna Sagl;Caracola Azul Ltd. Corporation;Caracola Azul Oyj &,stable,stable
Seashell s  SRL Consulting,Tide Turners Ltd Transport,2029-12,49,39,3 Oceanography ОАО Marine life;Adriatic Tuna Seabass BV Transit;Baltic Catch Ltd Coral Reef;Benguela Current   GmbH Carriers,stable,stable
Gulf of Guinea   Corporation,xiǎo lóng xiā LC,2032-10,15,38,Adriatic Tuna Seabass BV Transit;Barco de Plata Corp;Black Sea Tuna Snapper;Caracola Azul Oyj &,general,stable
Gulf of Guinea   Corporation,Pao gan SE Seal,2032-10,15,38,Adriatic Tuna Seabass BV Transit;Bahía del Este Ges.m.b.H.;Barco de Plata Corp;Black Sea Tuna Snapper,general,stable
Gulf of Guinea   Corporation,Oceanic Oracle GmbH & Co. KG,2032-10,15,38,Adriatic Tuna Seabass BV Transit;Arunachal Pradesh s Brine;Bay of Bengal's Surfboard;Black Sea Tuna Snapper,general,stable
Océano de Coral N.V.,Mar del Oeste Transport,2032-10,15,38,-481;3 Trawler Corp Distribution;Agua S.A. de C.V. Overseas;Bay of Bengal's SE,stable,stable
Eukrante & SE Cargo,Caracola del Este Corporation Express,2032-09,16,38,Arunachal  Dashi Inc Worldwide;Bahía Azul Limited Liability Company;Baltic Catch Ltd Coral Reef;Belgian Shrimps - Company Brothers,stable,stable
Ancla del Este SE,Aqua Aura SE Marine life,2032-06,19,38,3 Oceanography ОАО Marine life;Ancla Marina AB Holdings;Andhra Pradesh  Ltd. Liability Co;Arunachal Pradesh s Brine,stable,stable
Ancla del Este SE,Uttar Pradesh s AG,2032-06,19,38,3 Oceanography ОАО Marine life;Aqua Anchor Plc Logistics;Arunachal Pradesh s Brine;Assam  Market Cargo ship Company Marine conservation,stable,stable
Saltwater Sanctuary Company Cargo,Water Wonders Tidepool Ltd Holdings,2032-03,22,38,-41;-54;3 Oceanography ОАО Marine life;Andhra Pradesh  Ltd. Liability Co,stable,stable
Saltwater Sanctuary Company Cargo,Ola de la Costa N.V.,2032-03,22,38,-54;3 Oceanography ОАО Marine life;Ancla Marina AB Holdings;Arunachal Pradesh s Brine,stable,stable
Náutica del Este ОАО,Uttar Pradesh s AG,2031-12,25,38,Adriatic Tuna Seabass BV Transit;Agua Oceanfront Limited Liability Company Transportation;Angrapa Ltd. Liability Co Export;Arunachal  Dashi Inc Worldwide,stable,stable
Náutica del Este ОАО,Ola de la Costa N.V.,2031-12,25,38,-2053;Adriatic Tuna Seabass BV Transit;Agua Oceanfront Limited Liability Company Transportation;Angrapa Ltd. Liability Co Export,stable,stable
Orange River Mouth   &,Maharashtra   Limited Liability Company,2031-11,26,38,3 Oceanography ОАО Marine life;3 Trawler Corp Distribution;Aqua Aura SE Marine life;Arunachal Pradesh s Brine,periodic,stable
Orange River Mouth   &,bái suō wěn lú AS,2031-11,26,38,3 Trawler Corp Distribution;Aqua Aura SE Marine life;Barco de Plata Corp;Bay of Bengal's Surfboard,periodic,stable
Orange River Mouth   &,Greek Sea Bass Co,2031-11,26,38,3 Oceanography ОАО Marine life;Barco de Plata Corp;Black Sea Tuna Snapper;Bujagali Falls  Pic Family,periodic,stable
Barco de Plata GmbH & Co. KG,Fresh Limited Liability Company,2031-09,28,38,-54;Brisa del Mar Company Worldwide;Caracola del Sol Services;Coastal Castaway Coast Corporation Worldwide,stable,stable
Náutica del Sol Brothers,Fresh Limited Liability Company,2031-09,28,38,-4;Agua Oceanfront Limited Liability Company Transportation;Belgian Scallop S.A. de C.V.;Bujagali Falls  Ltd. Corporation,stable,stable
Portuguese Cuttle GmbH Freight ,Bu yu wang Corporation Marine conservation,2031-01,36,38,Belgian Scallop S.A. de C.V.;Black Sea Tuna Sagl;Black Sea Tuna Snapper;Caracola Azul Ltd. Corporation,stable,stable
Portuguese Cuttle GmbH Freight ,Dutch  Ltd. Liability Co Consultants,2031-01,36,38,-6;3 Seabreeze Corporation Marine ecology;Andhra Pradesh   Limited Liability Company;Aquatic Adventures Ltd. Liability Co,stable,stable
Konkan Coast  SE Marine biology,Playa de Arena Submarine S.A. de C.V. Marine,2030-09,40,38,Ancla del Mar Inc;AquaBite Beach ОАО Shipping;AquaBite Pelican Incorporated Transport;Arunachal Pradesh s Company,stable,stable
Seashell s  SRL Consulting,Okavango River  NV Marine life,2029-12,49,38,Adriatic Tuna Seabass BV Transit;Arunachal Pradesh s Brine;Baltic Catch Ltd Coral Reef;Black Sea Tuna Sagl,stable,general
Seashell s  SRL Consulting,Barents Sea  GmbH Cargo ,2029-12,49,38,-1457;-2682;-54;Arunachal Pradesh s Brine,stable,stable
Seashell s  SRL Consulting,Water Wonders Tidepool Ltd Holdings,2029-12,49,38,-54;3 Oceanography ОАО Marine life;Adriatic Tuna Seabass BV Transit;Arunachal Pradesh s Brine,stable,stable
Seashell s  SRL Consulting,Mar del Oeste Transport,2029-12,49,38,Black Sea Tuna Sagl;Caracola Azul Ltd. Corporation;Caracola Azul Oyj &;Caracola del Sol Services,stable,stable
-1516,hǎi dǎn Corporation Wharf,2029-05,56,38,Ancla del Mar Inc;Angrapa GmbH & Co. KG Overseas;Arena del Sol Tide SE and Son's;Arunachal Pradesh s Company,stable,stable
Gulf of Guinea   Corporation,Lake Tana  N.V. Enterprises,2032-10,15,37,Arunachal Pradesh s Brine;Black Sea Tuna Snapper;Caracola Azul Oyj &;Caracola del Sol Services,general,stable
Gulf of Guinea   Corporation,Zambezi Valley  Marine biology,2032-10,15,37,Adriatic Tuna Seabass BV Transit;Arunachal Pradesh s Brine;Bay of Bengal's Surfboard;Black Sea Tuna Snapper,general,stable
Gulf of Guinea   Corporation,French Crab Pic Marine conservation,2032-10,15,37,Arunachal Pradesh s Brine;Barco de Plata Corp;Black Sea Tuna Snapper;Caracola Azul Oyj &,general,stable
Gulf of Guinea   Corporation,Perla del Mar CJSC,2032-10,15,37,Adriatic Tuna Seabass BV Transit;Arawak Ltd. Liability Co Transport;Arunachal Pradesh s Brine;Atlántico Sur Cargo ship,general,stable
Océano de Coral N.V.,Madagascar   Ltd. Corporation Express,2032-10,15,37,3 Trawler Corp Distribution;Angrapa Ltd. Liability Co Export;Bahía Dorada S.A. de C.V.;Bay of Bengal's SE,stable,stable
Océano de Coral N.V.,Coastal Cruisers GmbH Logistics,2032-10,15,37,3 Trawler Corp Distribution;Agua S.A. de C.V. Overseas;Angrapa Ltd. Liability Co Export;Bay of Bengal's SE,stable,stable
Ancla del Este SE,Oceanic Oracle GmbH & Co. KG,2032-06,19,37,Aqua Anchor Plc Logistics;Arunachal Pradesh s Brine;Assam  Market Cargo ship Company Marine conservation;Baltic Catch Ltd Coral Reef,stable,stable
Ancla del Este SE,Coastal Cruisers GmbH Logistics,2032-06,19,37,3 Oceanography ОАО Marine life;3 Seabreeze Corporation Marine ecology;Andhra Pradesh  Ltd. Liability Co;Arunachal Pradesh s Brine,stable,stable
Saltwater Sanctuary Company Cargo,Aqua Aura SE Marine life,2032-03,22,37,-54;3 Oceanography ОАО Marine life;Ancla Marina AB Holdings;Andhra Pradesh  Ltd. Liability Co,stable,stable
Saltwater Sanctuary Company Cargo,River Gambia  Brine Pic Express,2032-03,22,37,-41;-54;3 Oceanography ОАО Marine life;Andhra Pradesh  Ltd. Liability Co,stable,stable
FinAddict Limited Liability Company,Fresh Limited Liability Company,2032-02,23,37,Arena del Sol OJSC;Baltic Catch Shipyard Inc Distribution;Belgian Scallop Trawler AB Logistics;Belgian Shrimps Ocean Corp Holdings,stable,stable
Náutica del Este ОАО,Jammu Ltd. Liability Co,2031-12,25,37,Adriatic Tuna Seabass BV Transit;Angrapa Ltd. Liability Co Export;Arunachal  Dashi Inc Worldwide;Atlántico Sur Cargo ship,stable,stable
Ola del Mar NV,Caracola del Este Corporation Express,2031-11,26,37,Adriatic Catch Ges.m.b.H. Marine biology;Ancla del Este Ges.m.b.H.;Ancla del Este Merchants;Arunachal Pradesh s Oceanography,stable,stable
Orange River Mouth   &,Beach Breakers Ltd Import,2031-11,26,37,3 Trawler Corp Distribution;Aqua Aura SE Marine life;Arunachal Pradesh s SRL;Black Sea Tuna Sagl,periodic,stable
Orange River Mouth   &,Perla del Mar CJSC,2031-11,26,37,Arunachal Pradesh s Brine;Arunachal Pradesh s SRL;Black Sea Tuna Sagl;Black Sea Tuna Snapper,periodic,stable
Orange River Mouth   &,Chuan gou  Ltd Marine ecology,2031-11,26,37,3 Oceanography ОАО Marine life;Arunachal Pradesh s Brine;Arunachal Pradesh s SRL;Barco de Plata Corp,periodic,stable
Portuguese Cuttle GmbH Freight ,Mar del Este Brine SRL Investment,2031-01,36,37,-54;3 Trawler Corp Distribution;Angrapa Ltd. Liability Co Export;AtlanticAppetite Oyster  Ltd. Corporation Investment,stable,stable
Portuguese Cuttle GmbH Freight ,Saltwater Solitude Marine biology,2031-01,36,37,3 Oceanography ОАО Marine life;3 Trawler Corp Distribution;Angrapa Ltd. Liability Co Export;Assam  Market Cargo ship Company Marine conservation,stable,stable
Konkan Coast  SE Marine biology,Zambezi Gorge  N.V. Transport,2030-09,40,37,Aqua Azul Trawler GmbH Logistics;Arena del Sol Tide SE and Son's;Bay of Bengal's SE;Belgian Cod Laksa AB Forwading,stable,stable
Lake Mweru  Limited Liability Company,Zambezi Gorge  N.V. Transport,2029-11,50,37,3 Oceanography ОАО Marine life;Aqua Aura SE Marine life;AquaDelight Inc and Son's;Arunachal Pradesh s Brine,periodic,stable
-1516,Caracola del Sol Services,2029-05,56,37,Ancla del Mar Inc;Angrapa GmbH & Co. KG Overseas;Arena del Sol Tide SE and Son's;Arunachal Pradesh s Company,stable,stable
